# Example query IDs — illustrative sample only; not the complete evaluation set.
20550
22977
23177
23604
23864
23906
25395
25706
27031
28375
28817
29059
30033
30163
31100
31861
31985
32381
32944
33102
33140
34300
36072
38001
38013
38438
40093
40641
41034
41132
42148
44924
45784
47184
47379
47595
47947
48383
48511
48619
48983
49598
49748
50223
50240
51818
51829
54404
54451
54726
54826
55115
55781
56154
56167
56196
57665
58163
60983
61085
62244
63860
64339
64826
66311
66798
67146
67565
68268
69366
69486
69548
69574
71610
72336
74742
75057
75148
78637
79190
79904
79979
80351
85208
86010
89787
90062
91208
91264
92140
92786
93349
94130
95463
97031
97192
98704
98929
99640
100871
