# Example query IDs — illustrative sample only; not the complete evaluation set.
-1098860131822717633
-1602885085222027775
-1740518925159700819
-1814654291537702625
-1859849449356311607
-1861449238368733677
-1917829948647764486
-2106179181458758523
-2650037553681702646
-266543150433432416
-2865750684853900062
-3262313256786527557
-3419569249810366548
-3466298422174960041
-3751393407175152452
-3846471400629212038
-3898088428440283915
-4111673090986081107
-4196407015282160487
-4203224067995948235
-429302100755655210
-4418745662029782790
-4523406960144718852
-5435239394920907507
-5829171028682269373
-6070855811076558999
-6074449039700263907
-6140048837740392599
-6409410244921275272
-6639198685687295158
-6662395259728504920
-6709120575836702888
-6711174910020662821
-7083760390912263713
-7182511735317702975
-7406858016953117662
-7619656454961460986
-794776326007094837
-8139250715148105983
-8418034200089884333
-8491993331568056625
-8667457702492888266
-8671265180198115272
-8732249003183475867
-8847520597646743131
-9150685504343914055
1270431259663483162
1318031841813121387
1343126989041312010
1493891978687627578
165761968901494344
2050494547350069490
2326758035558088175
2484343456230333941
2665987919436437059
2816383496294347631
3045774337857252748
3076073431778890029
3124572532765125550
3220601533463443403
3626844801330415868
3926678456788602613
3968018373035451491
4133714742519293459
4383362166866118346
465961107727601737
4729109739610014727
5200102147660112302
520061723518195831
5580104457912098627
5599392687749084061
5775133890125619778
607942963334254337
6292253878764318275
6494641797030999188
658938484285903092
6626766151054903978
7021313805354142751
7031136448508141157
7502629816583547219
7584034394038581786
7847718808765877776
7894730886324432751
7916785921956044047
7965511165361018261
8025079398597821892
813008019706037994
8146788998748248286
8179898753906755813
8194342767714605563
8208347308009152764
8284942412373074203
848953070601221021
8607836601490946087
8620612587997496991
8653383319877139807
9027116721747088541
9108256034740229717
928314821418671221
979463436679854477
